3.21795870718
3.23001831357
3.22765989194
3.22290454091
3.22612458098
3.23763092972
3.25021492326
3.26236534688
2.4150490515
2.42542647576
2.43736700218
2.42856983185
2.43365953026
2.75958816721
2.75782906406
2.75810497515
2.75390449192
2.74171757519
2.73526806545
2.72856765136
2.71896762069
2.61297936339
3.77306573079
3.79266730785
3.81963332551
3.84526598214
6.57091872141
6.60714077997
6.66578127203
6.78186385742
78.8278449947
65.9091869144
56.770183498
52.425087595
51.1129042511
51.1978742081
51.574209051
52.0316883397
51.1897351698
34.0743563802
4.67197354888
4.25733595608
4.35696654574
4.36459711835
4.36823562294
4.36697180386
4.36442107552
4.71371856861
4.71589375887
4.71347643198
4.7125321406
4.70414989924
4.70486256187
4.713841369
4.71968611955
3.38555121464
3.38891966482
3.42115347102
3.4772866322
3.53979147188
