3.65639021219
3.6711189212
3.658669745
3.49733718304
3.50011571964
3.54677757625
3.55748171658
4.8079131704
4.82670087026
4.84663981896
4.8599598851
4.86456524735
4.86598547509
4.87190138092
4.88337090267
3.78943239677
3.79512941114
3.28700540244
3.28295776311
3.54009508795
3.53866184224
4.16305736498
4.16465314913
4.16882206706
4.82932976292
4.85076388862
4.86610645166
5.75978446585
5.79627490384
7.49485822511
15.123641987
163.345818601
120.276129262
95.9649028001
86.4868047943
83.9841750492
84.1944394863
84.4472758719
84.9937486603
73.4891120622
45.1597968406
6.19946170801
5.83916691169
7.31623919534
7.35593050148
7.37773728218
7.39727616666
7.40278230318
7.38910177754
7.38315049691
7.37943172797
5.24410362584
5.21381680756
5.19716419325
5.18412370769
5.18903784237
5.0455772575
5.79599282823
5.81473715995
5.83307162796
5.84418906266
5.88358478296
