2.08435016394
2.09863778769
2.09588428214
2.09923523869
3.6954127713
3.70842290438
4.17274483653
4.17837535542
4.18498882803
4.72250676744
4.74083600431
4.76280267061
4.77867503198
4.78506788094
4.78396476508
4.78246955758
4.78200057362
3.89750337595
3.22744274622
4.50554335676
198.779468795
152.069863426
122.835293485
109.465004434
104.84316165
104.75954499
104.696271767
104.430419342
41.4841076838
54.4722649028
8.83262689073
5.65028666286
5.355078999
4.1487378684
4.04026358724
4.0141153002
3.98848222021
3.97881933534
3.97209275922
3.34162293527
3.32084740231
3.32342920002
3.32716435258
3.78913773676
3.8230747762
3.84894054727
6.3273811424
6.3591503135
6.62929738508
6.66009255421
6.74484687811
6.84534610533
