5.30510514994
7.25792389276
7.30249695626
7.61884941343
9.46928154698
9.51078141447
9.52475044653
9.56519558191
9.59834443638
9.61332825282
9.61330276306
9.57028277004
7.9627981286
40.1010368569
119.050280397
93.7873408304
76.5130953963
70.4693660076
70.0645877605
69.821894304
69.6071547349
69.8030875983
47.0208108704
59.4255820143
9.22561939418
7.49988043783
7.45044844731
5.95625970452
5.29912683317
5.27356594288
3.90607082218
5.07708045228
5.0940718778
5.40883992967
5.60677095313
5.64334169152
5.73845376645
7.7219717428
7.76166802214
7.76884110358
7.75936056446
7.83701848678
7.89705904603
