2.33255316638
2.3339698541
2.34913988853
2.29435105799
2.3015978436
2.31542668449
2.33424377498
3.97521810585
4.00565878949
4.01840815767
4.02274953516
4.03189253509
4.0399913835
4.0415462738
4.04185378647
3.66573576381
3.66320765492
3.66984743156
3.66974577936
2.39164265058
2.37243585681
2.46652820212
2.45785983751
3.16938223626
3.16448764412
3.15733638688
3.16553109654
3.18546240364
4.21987026363
4.23933162444
4.25726507061
4.26482362227
4.27748405731
4.29586498197
114.215978049
104.096100655
88.784555674
78.8993396329
73.1498742688
70.8684973531
70.9445611972
71.1301718869
20.3408931274
13.3841554139
11.5560919107
6.03182402498
2.34186748896
2.16180561001
2.13533530109
1.46741377397
1.46178302679
1.28745014666
0.642650540021
0.498473993661
0.355230147636
0.339856006203
0.33975853019
0.339648422139
0.339948529728
0.340011373358
0.3399681803
0.339883939434
0.365547847923
0.36553329378
0.365531645686
