2.686262373
2.70713813703
4.63558264243
4.65379514073
6.80698658524
6.82353715986
6.8411006415
6.8618251814
6.86741209182
6.86286837381
6.8604437715
6.85556902218
5.01235575465
4.9904873761
5.93015052867
5.91570676886
5.91773271401
5.9249556447
5.92789994797
5.92329386208
5.91527467827
5.90626725973
3.19597339694
3.179486969
2.16524293872
2.70152711509
2.6986179195
4.04920153461
4.05071767009
85.5763555773
139.369391763
118.004548739
113.937329015
106.854570493
100.634697674
99.8424879308
99.7548821033
100.811534811
33.0362085353
40.4905572634
42.3029233311
5.28082042671
4.92660591929
4.90310007491
4.92825559372
4.95060186052
4.96482603808
3.18637011913
3.17452669244
3.17423185814
3.17104671692
3.15252402219
3.12887298295
2.24119411065
4.3317440303
4.3426136604
4.35346864175
4.35652025891
6.03500612999
6.05815331683
6.08411263016
6.10464668497
6.11529702324
6.10529863636
6.09935404088
6.10248894615
5.92416129363
5.91008614669
4.09241137365
4.09462234851
4.09881861786
4.1089221654
4.11195135931
2.43869251758
2.89521103831
