1.19878381694
1.18280765157
1.9485239603
1.96039014807
3.42956577889
3.4413111509
3.57280052181
3.51495231702
3.48298376505
3.47614573525
3.4722763247
3.47605376837
3.50694567701
3.54993837104
3.67557498368
3.70855693867
3.70890370235
3.69929033468
3.69660842905
3.70702739865
3.72135076887
3.72815779779
2.36738039776
2.3951707261
1.21859300886
2.06024007162
2.06866237743
2.07360882029
2.07208896279
100.127189987
157.980833828
135.189020803
130.835619291
123.240442514
116.556711105
115.704884157
115.611189368
116.748264934
42.2502758974
50.6189107599
52.6405888291
2.37350333936
2.13791910777
2.12248725524
2.13916767833
2.15406533348
2.16360019297
2.05023397112
2.07420014949
2.07994730836
2.087342226
1.37529915801
1.39764230604
1.10340030669
1.93037654791
1.95309192887
1.92911930665
1.91837780758
2.88856459829
2.9046000743
2.92263241043
2.93690558467
2.94427944963
2.93736105831
2.93330187752
2.93549561513
2.81006512307
2.80039140235
1.60137278777
1.60279338566
1.60546027055
1.61179801251
1.61367727234
0.984755006589
0.892719989242
