1.44363054438
1.44046029404
1.42412929495
1.41082100708
1.40063432384
1.38374994578
1.04143303669
1.52895172542
1.5478868284
1.55582319983
1.55852618183
1.56422862655
1.56932126058
1.57037048006
1.57064822123
1.46719103033
1.47423964061
1.46823992817
1.46981380692
1.49008451373
1.51131415599
1.51923117335
1.52520205949
1.36869683155
1.3694699358
1.376149908
1.4595379439
1.438955835
1.74512008774
1.72593403852
1.82041967883
1.81557236565
2.16285093347
2.13803165818
130.734652842
119.899403311
103.435676361
92.7531547679
86.5158915934
84.034477244
84.1167530073
84.3184742216
27.796556149
17.9021865663
17.291586836
6.11016041414
0.844430067167
1.00629474825
1.03098364196
1.04699261147
1.05279377288
1.057152008
0.612621086353
0.0739027336818
0.0423277853707
0.0415205783778
0.041554768206
0.041593625234
0.0416019953228
0.0415797611307
0.0415949471495
0.0416250198967
0.0428979453263
0.0492157072097
0.0492164297686
