1.23071023506
1.21767029533
2.01903049853
2.01645709275
2.00120816395
1.9833087776
2.4238756976
2.41412880792
2.39790004846
2.37446301063
2.34019927542
2.30370885838
2.28038468408
2.27300018044
2.2365682097
2.23865169249
2.24135652714
1.83538457798
1.84897739889
2.26837741878
220.710362887
171.342680715
140.22552312
125.919019726
120.960485217
120.870879576
120.80299793
120.517582058
51.8522453807
66.2645521478
4.89235986547
2.62704966545
2.42694468175
1.83262530586
1.84833961554
1.81450072119
1.84333473514
1.84865740006
2.02495989086
2.03852104365
2.19291932871
2.18629682645
2.17572597705
2.16893270498
2.13075023372
2.1077025537
3.09349187424
3.11579484483
3.30198212111
3.3907305256
3.38408907517
3.45595834416
