2.61542952871
6.95680791503
6.81648130626
6.88697108368
6.6408725789
6.55891417039
8.54515469968
8.42445077383
8.30047918911
8.24287462187
8.24963540704
8.41942868572
8.62665493053
50.2958731308
136.258836769
109.12009762
90.4169019656
83.8378246469
83.3962218275
83.1309289968
82.8962442766
83.1095471751
58.0203863065
71.7148827197
5.20177736427
4.3907038137
4.51668721851
4.62410884836
4.73832880062
4.77568210976
4.79728692775
4.81766141996
4.78702229146
3.5970951722
4.19158357733
4.10580538207
4.01774320529
4.10454382098
4.11337980296
4.11868536599
4.11181028434
4.1689569548
4.21343257537
