1.68681769054
1.67497305261
1.67742568367
1.68170901461
1.67695054668
1.66382693532
1.54186141906
1.53339785788
1.32271730078
1.3121074446
1.30036397429
1.29166741927
1.28764066551
1.28791680896
1.23355395387
1.23289808495
2.10398537238
2.11936448931
2.12220439074
2.12422349314
2.13116093289
2.12394266372
2.38862309344
2.35923301184
2.32289431317
2.2905188352
3.26242604183
3.28807780252
3.80515095509
11.3204693789
92.7968257424
78.7416828783
68.7297171245
63.9441411967
62.4949274066
62.5885925365
63.0037627553
63.5085328997
62.5907444006
43.5298266959
2.5636199118
3.20602365492
3.43038675875
3.4126376903
3.39790877578
3.39453559671
3.40085268741
3.40407041568
2.87199238393
2.8742325284
1.99790979949
1.99240749042
1.99282822055
2.25448175659
2.24329092053
2.22873724187
2.22251602003
2.21557936382
2.16850241178
2.11632310106
