1.60928659578
1.59640762222
1.91025185358
1.9139936126
1.91281109469
1.89732414677
1.88455819115
2.76209598394
2.74035163792
2.71580803517
2.69972967853
2.69115040665
2.68685104205
2.68264265554
2.6713183674
2.00885786468
2.00530178141
2.01211918934
2.01399629922
2.36771982561
2.36732991008
2.36456689546
2.35227930078
2.33742902507
3.28456041129
3.24310346093
3.22206424354
3.37649513131
3.3184719931
3.91971888032
21.6300982048
183.181863431
137.413989216
111.358520239
101.139035412
98.4334220826
98.6608753745
98.9346233348
99.5257872113
87.0349773107
55.9616603332
3.00249452979
2.74986424128
3.91693391637
3.85620350597
3.83957463033
3.85035707147
3.85437102594
3.8561521532
3.86792172689
3.86684345506
3.11069866285
3.15154304054
3.17262854867
3.1888843401
3.16748032695
3.12242888687
3.09196091213
2.73541926308
2.74807014665
2.755734265
2.78297920276
