1.02883984306
1.02616378605
1.01238815909
1.00117328602
0.992593026105
0.978387385845
0.917722790794
2.02679360372
2.04858710673
2.05771850192
2.06082412462
2.0673806357
2.07323468855
2.07443788007
2.07475297673
1.80714520599
1.80542281885
1.81010944775
1.81005730249
1.06801901722
1.08600378826
1.09271456504
1.09777629977
1.46614229408
1.46274582031
1.45786668929
1.46342642888
1.4770195625
2.2027255609
2.21684633047
2.22985119442
2.23537945483
2.24458220579
2.25791122661
126.496266433
115.841716156
99.6689727513
89.187894166
83.073656145
80.6424528947
80.7230600161
80.9206725751
25.8580591118
16.3530683526
15.7702529654
5.21945111644
0.923022027057
0.8111338417
0.794906112289
0.698707516616
0.703448828838
0.707012153812
0.354467078219
0.0185577974699
0.00068414568426
0.000274619314436
0.00027740632805
0.000280589472586
0.000281293321465
0.000279467763307
0.000280714034395
0.000283173473317
0.00120904320008
0.00120823946666
0.0012080121259
