1.49716722401
1.50543522124
1.50381942101
1.50055420701
1.50274344751
1.51061734966
1.51925572402
1.52764187283
0.96864962696
0.975244729393
0.98285192281
0.976955519819
0.980209196193
1.1899416181
1.18883337307
1.1890082892
1.59587176531
1.60926813113
1.61174290832
1.61350014184
1.61954465653
1.61325175672
1.88285556538
1.89671516662
1.91583588481
1.93405633293
3.9734161803
4.00171644434
4.0474873682
10.0940617392
89.2300600735
75.4585312187
65.6643886309
60.9885757415
59.573415038
59.6648654662
60.0702758817
60.5631933509
59.6622445722
41.0922769183
2.53232270518
2.57059685281
2.77189432927
2.75594023656
2.74270573527
2.73967368001
2.74534911537
2.74824181456
2.5645138189
2.56271602516
2.56197854007
2.55575179765
2.55622983149
2.56284007604
2.56712419824
1.70478102229
1.69934178781
1.69327694789
1.67826149245
1.72214650227
