3.00440262554
6.00404379205
5.87373076417
5.93961697351
6.2860927565
6.31999767445
7.48570410675
7.37276038282
7.25681447523
7.20295950419
7.20927953921
7.3680622626
7.56200515406
47.6759502046
131.930859334
105.250075194
86.8967021654
80.4492222196
80.0166392929
79.756764763
79.5268955352
79.7358469403
55.200890062
68.5761497763
6.09079199537
4.70092486842
4.66190713389
3.85429573947
3.95863434458
3.99278457161
4.0125394675
4.03117116121
4.00315231984
3.08354639482
3.45991839933
3.38202255754
3.33161171482
4.87562364866
4.90737130045
4.91316195621
4.90565274354
4.96804378084
5.01657146954
