0.850494981231
0.839660732712
1.52198419813
1.51975117978
1.82831856293
1.83747440718
2.17024301502
2.17429290816
2.1790038328
2.56976100758
2.58321908566
2.59939308103
2.61111780789
2.61586089894
2.61505609741
2.61395373901
2.6136224382
1.97104610776
1.50586703549
2.41006078531
215.207791345
166.495349778
135.841754277
121.765821536
116.890244794
116.802139308
116.735410115
116.454822825
49.1913500844
63.2519256758
5.75488451197
3.26865026286
3.04497898831
2.15141715398
2.07150623152
2.05280458675
2.03444066652
2.02746100884
2.0225367201
1.5833366842
1.67342632125
1.66764181158
1.6584099734
1.89507918904
1.91919944732
1.93767404228
3.78668285187
3.81135232706
4.01706556782
4.04112593916
4.10757006721
4.18670177998
