1.80214166124
1.81254799409
1.80371137413
1.68942947387
1.69138932476
1.72552678499
1.73300791098
2.63120424831
2.64518056333
2.66000874002
2.66992270431
2.67332710637
2.67435969765
2.67879431857
2.68735561138
1.89404182034
1.89811874175
1.54408504332
1.54127098403
1.82655880393
1.8262137586
2.16284862125
2.16390489051
2.166830222
2.64859794903
2.6644510562
2.67587350169
3.34677373122
3.37465738185
4.69548984307
19.92161099
178.153622424
133.063288878
107.445189266
97.4110933222
94.756134659
94.9793106676
95.2478875275
95.8279487204
83.5832764889
53.1971544381
3.68620012266
3.40547654245
4.55561310483
4.5870059268
4.60431339007
4.61983359199
4.62422822522
4.61342322642
4.60872100558
4.60575433698
2.95765911433
2.9348430239
2.92228889886
2.91246525167
2.91605766687
2.80788774596
3.37515870268
3.38951179339
3.40358904938
3.41211957659
3.44242499796
