1.14257559738
1.15630390139
2.50615653258
2.51961004307
4.15779144216
4.17072670588
4.18446827332
4.20056288366
4.20479944563
4.20114648097
4.19919674368
4.19534991276
2.84092548081
2.87963727189
3.47878204826
3.46775693115
3.46933830107
3.47489413822
3.47717037811
3.47365175095
3.46750247143
3.46053947905
1.82627485659
1.85069331497
0.840281859118
1.55791947465
1.56524572495
2.08099496093
2.08208877969
96.4246454811
153.310699441
130.871396562
126.588619233
119.119568622
112.550082103
111.713040934
111.620966831
112.738295928
39.8605131898
48.0007095736
49.9701097662
2.98529212469
2.72032759844
2.7029150878
2.72173126171
2.73853058652
2.74927537122
1.54907743834
1.56991986715
1.57492154182
1.58135721712
1.45298393175
1.43687997738
0.859582122452
2.28464829308
2.29244589435
2.30022899915
2.30236918863
3.55976687665
3.57756753141
3.59757703189
3.61340906168
3.62159134753
3.61391608839
3.60941167475
3.61184509162
3.4724995589
3.46174496411
2.11001147834
2.11164072071
2.11470164274
2.12197448676
2.12413066841
0.982153496117
1.28142303473
